#k=7

#n=200,k=7

pred_lasso.k_7_n_200<-c(0.452087380554416,0.451637565499536,0.454013443520544,0.456192607454019,0.467969982241486,
                        0.501011178682582,0.539950257284081,0.576830743980786,0.601081703848461  )

pred_ridge.k_7_n_200<-c(0.451635292174862, 0.451186927929036, 0.453569430111923, 0.455736414846565, 
                        0.467501012259244, 0.500510167504899, 0.539411306026797, 0.576254912240806, 0.600480622144612

)

pred_ml.k_7_n_200<-c(0.447361640088362,0.447818576230807,0.448330887972886,0.451758991257377,
                     0.46397031776296,0.494186613245632,0.527492351024055,0.561461407425449,0.601277836365146 
)
pred_firth.k_7_n_200<-c(0.449632312455279,0.449397031415246,0.451955679211632,0.450435166063741,
                        0.461881308186883,0.496051166237086,0.52824308692567,0.562193765053897,0.599141073627402 )
pred_flic.k_7_n_200<-c(0.448048944650458,0.44716307747544,0.447483225307263,0.449848923999998,
                       0.459560572040678,0.49602524073669,0.527245443369767,0.564352837815708,0.598344685946744 )

#n=400,k=7

pred_lasso.k_7_n_400<-c(0.453927594792561,0.45512487642474,0.455923849196829,
                        0.457197426877235,0.471962637652534,0.502370686196894,0.549880953774302,0.593122052098798,
                        0.623398592437197)

pred_ridge.k_7_n_400<-c(0.453473667197769, 0.455064975154832, 0.455468925346633, 0.456741229448358,
                        0.471490674014881, 0.501867315510697, 0.549330072820527, 0.592528929046700, 0.622775193844760
)

pred_ml.k_7_n_400<-c(0.451216896438437,0.452583925863382,0.453041047770723,0.455329057183939,
                     0.466082353349337,0.500780202121131,0.538014595228603,0.577672109623103,0.618768128719681 
)

pred_firth.k_7_n_400<-c(0.452315546546589,0.453378990333705,0.452961788388037,0.456711283806633,0.466467851454091,
                        0.503557749473434,0.541912863902433,0.578722071971741,0.623380206039506 )

pred_flic.k_7_n_400<-c(0.451267589205723,0.451287496907413,0.454851941247963,0.45507370113742,
                       0.467502935088389,0.503297197438225,0.538942193040907,0.577955922425572,0.61921285993695 
                       )

#n=800,k=7

pred_lasso.k_7_n_800<-c(0.454482041891730, 0.456720629199660, 0.456261451035324, 0.459507337788682, 
                        0.470855906043256, 0.506188704644195, 0.545718661989855, 0.587792530715063, 0.630919960101971
)

pred_ridge.k_7_n_800<-c(0.454027559849839, 0.456263908569461, 0.455806189584288, 0.459047830349893, 
                        0.470384050996213, 0.505882515939550, 0.545173943328865, 0.587204737184347, 0.630288040140870
)

pred_ml.k_7_n_800<-c(0.45402801287985,0.456264364834825,0.455779672362962,0.459048289496186,0.470385521386869,
                     0.505687017628567,0.545166494627227,0.587196334380683,0.630584376724245 )

pred_firth.k_7_n_800<-c(0.452927056073762,0.455134533218127,0.457589081506251,0.458279522937002,
                        0.469334779965455,0.505712478001282,0.543360412191387,0.587125346966574,0.631542972704358 
)
pred_flic.k_7_n_800<-c(0.454020418067841,0.455667965091491,0.45451874865188,0.457170135365773,
                       0.469981728488197,0.508581198533453,0.543963171993641,0.588620285887686,0.632534954005357 )

#k=5

#n=200,k=5

pred_lasso.k_5_n_200<-c(0.459404438231712, 0.459319435132229, 0.461935418572277, 0.462786407753522, 0.470365690180247, 0.50525004261698, 0.54465567620278, 0.584045706968791, 0.625064611032615


)

pred_ridge.k_5_n_200<-c(0.457464764156106, 0.457381523419609, 0.460900622656178, 
                        0.461744689199458, 0.467976411830183, 0.502434967682055, 
                        0.542690831961229, 0.581484568723599, 0.62038201943104

)

pred_ml.k_5_n_200<-c(0.449857306373603,0.450071988170992,0.451843366897634,0.453668678329107,
                     0.46061238131678,0.495294620739127,0.53294252249954,0.571547609125371,0.612748369799641)

pred_firth.k_5_n_200<-c(0.452344309697737,0.453384364043803,0.45391325962849,0.451763207415677,
                        0.46312297163937,0.500489871794791,0.534996658612387,0.568979063424255,0.610702790243939 
 )

pred_flic.k_5_n_200<-c(0.449227281263417,0.450933575377786,0.452581026783316,0.453441401591977,
                       0.462952122340438,0.496698031913584,0.532009928879875,0.574908584640325,0.614734293359673  )

#n=400,k=5

pred_lasso.k_5_n_400<-c(0.459446999653514, 0.458813213063245, 0.45963976453425, 0.460612184812282, 
                        0.47312552737596, 0.511468677704676, 0.548119407473745, 0.586137853360128, 0.636662327976478
)

pred_ridge.k_5_n_400<-c(0.458804103638160, 0.458126346670481, 0.458842367498758,
                        0.459714446363575, 0.47267882139923, 0.510904777342801,
                        0.546451344236390, 0.584803996313588, 0.635324619425165
)

pred_ml.k_5_n_400<-c(0.454897029359915,0.45328040897351,0.454494816371535,0.456052658229982,
                     0.468441116213822,0.506404631390768,0.542692482647272,0.579344409267355,0.63035874057077 )


pred_firth.k_5_n_400<-c(0.454077272231765,0.45284440318025,0.453981706496189,0.456179693051074,
                        0.467611809581902,0.505352714006175,0.541773910002204,0.582189522723514,0.621665961754663 
 )

pred_flic.k_5_n_400<-c(0.455199942208218,0.454396301267361,0.454585478818323,0.457765417487549,
                       0.467183646723238,0.50500688512592,0.540705275816365,0.581194522728092,0.627205001996  )

#n=800, k=5

pred_lasso.k_5_n_800<-c(0.455484013720396, 0.455269336152564, 0.456026394319257,
                        0.459025388368796, 0.469711375187672, 0.505751918899701,
                        0.547634094237148, 0.589311841124862, 0.633001779627860
)

pred_ridge.k_5_n_800<-c(0.455431488346628, 0.455217094816671, 0.455974493386325, 
                        0.458974489975246, 0.469660317452553, 0.505676893305814, 
                        0.547566460650812, 0.589247929602659, 0.632938011011678
)

pred_ml.k_5_n_800<-c(0.456110591036207,0.455198790854804,0.455373196214119,0.460129916839527,
                     0.469949566709822,0.506440714292793,0.54784049288001,0.588671864811533,0.63448903400711) 

pred_firth.k_5_n_800<-c(0.455940954675071,0.455723059211776,0.456483878198455,
                        0.459284673041837,0.470181556744417,0.506257176277979,0.548182182420569,0.589900741865728,0.633305084712573  )

pred_flic.k_5_n_800<-c(0.455295523009723,0.454696950953249,0.458171386877488,0.458986972967409,
                       0.471002053587168,0.506590808473072,0.548255513280206,0.582835927111602,0.637501527555548  )


## k=3

#n=200,k=3 

pred_lasso.k_3_n_200<-c(0.4665768530313198, 0.46976415262218795, 0.46836519238893263, 
                        0.4714608180527485, 0.47985090874901335, 0.5167046925048625, 
                        0.5607888456759628, 0.5952166343301156, 0.646204220552962
                        
)


pred_ridge.k_3_n_200<-c(0.4661102761782888, 0.4692943884695658, 0.4679968261965437, 
                        0.4711953572346957, 0.47937005783926336, 0.5161879878073579, 
                        0.560227056170286, 0.5949874179957845, 0.645558016332409
                        
)

pred_ml.k_3_n_200<-c(0.461460873151851,0.464637186632688,0.463197698310827,0.465784452651531,
                     0.474088217968383,0.510541768616889,0.554208402687802,0.589317939137533,0.639419889846934 
)

pred_firth.k_3_n_200<-c(0.449757899248992,0.454104145254933,0.455913220822515,0.46449757899363608,
                        0.469748682293765,0.503345786145231,0.540376989406729,0.581364307688869,0.622397058022248 )

